Max IS size: 273
36 164 2 130 121 177 298 113 136 120 
117 118 119 122 123 124 126 131 260 147 
276 127 191 128 129 132 133 134 135 142 
158 137 258 138 202 139 268 140 141 262 
143 256 144 145 266 153 274 169 290 146 
154 148 149 270 150 151 264 152 155 284 
156 180 157 278 159 272 160 161 162 163 
292 165 167 175 288 166 168 170 171 172 
173 294 174 178 176 184 179 181 182 183 
296 185 189 213 186 194 187 188 190 192 
193 195 201 225 282 196 204 197 198 199 
200 203 205 224 208 236 212 214 206 207 
209 210 211 215 223 247 216 217 218 219 
220 221 222 226 233 227 291 228 229 286 
230 280 231 232 234 235 240 238 269 237 
239 241 242 243 244 245 255 246 248 263 
249 250 257 251 252 253 254 261 259 265 
271 267 273 275 281 297 277 279 283 285 
287 289 293 295 66 61 69 56 64 57 
59 60 62 63 65 72 80 74 67 68 
70 71 73 75 83 91 76 84 77 78 
79 81 82 85 90 86 94 102 87 88 
89 92 93 95 98 114 96 104 97 99 
100 101 103 105 109 125 106 107 115 108 
110 111 112 116 39 47 37 38 40 41 
42 43 44 45 50 58 46 54 48 49 
51 52 53 55 30 31 32 33 34 35 
28 29 27 