Max IS size: 2187
1505 118 1050 811 182 2206 1313 1616 684 2015 
317 712 345 1070 1461 752 321 385 1046 1023 
1612 999 1652 2035 2171 163 1111 1512 1657 1143 
2034 1464 1545 1932 1053 193 1366 328 215 1589 
1444 1463 304 1163 2328 2167 2022 1051 906 2103 
721 1460 1541 391 1044 2168 1515 1451 730 2104 
351 1068 2439 233 1406 1221 2362 354 912 2121 
1462 1074 2477 2086 1465 399 1052 128 785 139 
268 1215 2420 178 1795 2122 823 2513 242 1859 
2242 154 1899 1404 239 1613 1532 1104 172 829 
630 2017 2515 1040 1690 363 2052 1378 2205 197 
2326 1257 382 1791 844 2053 1661 1516 1452 1597 
223 136 793 2208 1252 1909 1513 898 1043 312 
1517 2162 267 1722 2419 331 1786 1518 535 1048 
2443 1615 1920 1041 2059 2018 379 1770 1391 1924 
1045 2421 1042 2445 1039 1617 806 1472 1346 2301 
350 2422 291 1618 2009 686 644 277 2085 1928 
1049 996 117 2061 1726 295 1998 2063 119 1207 
260 246 604 301 1999 390 145 1382 1161 286 
229 1799 2230 158 166 1489 1361 1728 2062 1202 
771 1266 835 2278 1911 206 1168 1889 236 893 
187 251 1376 2468 1135 2211 2026 123 1374 201 
2330 1765 770 962 1107 1355 762 1750 2471 1228 
1885 240 833 511 1100 176 1888 763 1775 141 
2486 1543 2438 1490 675 951 1540 2250 552 167 
1332 2317 373 740 1544 2509 1106 174 1497 2118 
2217 1996 1117 2338 631 1486 1109 1988 2065 1000 
121 434 1539 2378 2440 416 561 294 1105 1984 
2318 945 1542 1833 2507 1112 2027 927 1644 219 
2308 1103 2437 1345 1776 1855 2302 150 1210 779 
235 1697 1488 822 2044 1101 992 113 1787 751 
1916 1491 2064 120 455 1108 1829 2463 2043 789 
132 1487 813 2304 1219 741 1794 664 361 2305 
333 764 1760 1393 2094 2333 756 1385 1688 318 
1193 2008 1116 463 1837 2216 1499 1890 449 1110 
1501 2210 1887 556 713 1886 834 750 768 2306 
1213 976 1334 161 2307 742 745 1918 757 2323 
1626 299 2095 2030 1251 264 1380 151 2223 746 
367 1212 1805 817 160 2184 335 1882 765 2131 
1946 211 340 1223 549 2469 748 2130 1485 2498 
1643 410 1526 543 282 2033 582 973 2339 1642 
1243 2472 1372 207 529 384 2077 755 1767 884 
2454 1639 342 1217 221 1191 308 1432 1641 1216 
550 1873 708 341 1401 1768 1640 580 2039 2300 
1881 1224 1347 754 375 168 2112 1877 1220 743 
1908 2426 1587 418 551 2241 290 1342 984 169 
2268 1586 917 1527 2076 1265 326 2478 1386 1169 
358 2111 2046 994 1139 640 273 1389 1591 2321 
744 377 935 1588 2310 929 1590 208 2311 1718 
1383 766 329 760 719 1884 832 1234 931 2246 
1879 548 851 1218 1870 761 705 2087 1878 749 
1239 420 565 2428 2299 1352 1883 202 739 1868 
767 1211 2312 288 753 1862 2309 588 1222 1915 
234 2258 759 1860 1356 255 877 156 186 831 
2120 1531 2519 1084 431 2056 1467 184 777 2021 
1364 1573 199 2207 1529 1138 1609 1528 2219 147 
2057 2041 590 227 2235 1288 1082 1473 1146 2431 
423 1076 1952 1073 587 1530 2430 1956 1077 727 
1454 217 1828 599 1072 2193 1358 249 146 2218 
584 562 1475 2048 2005 1097 2040 165 1474 595 
1811 130 1621 1476 589 508 1649 1504 1071 1967 
572 1478 2106 1477 297 600 1189 2004 938 1083 
1078 417 720 2441 428 1247 573 1960 1081 930 
1075 2429 2367 1790 738 1395 1357 1788 1232 1953 
566 1789 1910 737 424 569 2368 1412 1557 1079 
910 537 1508 1653 2354 1197 2012 1948 1133 1709 
1500 1308 143 134 1194 827 2031 1136 861 204 
505 2449 1158 815 1421 2066 1556 830 1496 1705 
243 1552 231 1396 838 1777 1906 2332 2203 1384 
1408 1553 2285 1394 213 2024 1145 1502 583 386 
1555 1595 426 2450 1554 810 1147 189 310 1185 
2000 2334 1004 125 2013 152 873 2049 920 2446 
1134 409 2329 1907 2234 821 164 1495 2506 808 
467 1144 2495 1140 487 2335 1141 2020 818 1142 
2220 1929 542 812 1631 555 2522 824 2209 1931 
560 546 2518 820 1442 2269 563 1711 828 2229 
577 496 2520 826 1766 2423 271 784 1771 1240 
1961 574 1519 124 2212 2517 1388 544 778 1773 
591 2221 1330 2045 538 1405 1772 279 2351 1774 
153 1390 2327 807 2497 666 1387 1260 1917 1913 
1256 323 1778 2331 809 2188 837 244 1912 819 
1186 816 388 533 1605 1524 617 408 2480 1927 
532 915 596 293 1656 1599 2117 908 1015 1604 
2369 1601 1520 918 733 2099 1602 1666 275 339 
1730 2257 567 1646 921 343 1060 1124 407 2479 
1751 932 656 353 2377 1600 916 2081 2082 1373 
1740 907 1831 2134 352 1275 2376 111 2135 1990 
369 1756 1453 2098 783 1254 319 2372 1167 284 
2460 597 452 2466 1245 839 1246 993 1654 462 
1655 2534 579 1522 372 1255 1965 1244 849 1574 
1598 937 216 922 1131 1950 622 1945 620 1951 
939 1242 2375 1782 212 933 374 1249 1253 1949 
1250 883 688 257 266 2090 1738 347 1935 540 
923 668 365 2126 1629 1484 1284 183 2127 978 
1187 909 1578 1841 1184 1706 315 1190 465 2011 
2361 576 975 1628 1315 594 1188 471 1845 1379 
2390 1575 364 1183 1630 578 438 2462 1959 2262 
564 453 2461 1122 960 1318 2233 458 1627 2408 
1179 2089 1739 1201 262 1180 1901 344 553 306 
928 2073 2108 1175 356 2107 1576 2251 1577 1368 
554 1419 2072 2227 541 396 775 1182 1200 1793 
598 1985 2228 1796 695 689 1798 2236 1450 571 
1204 1797 1418 539 142 2214 1369 1921 534 1638 
913 586 2006 2215 846 1785 1745 934 109 924 
2374 2373 1779 1353 1784 1830 593 2231 801 2232 
1783 2266 568 1763 1397 1764 919 210 1955 2371 
1367 926 575 1564 911 2366 1236 1957 1954 1375 
2512 1521 2222 940 1759 371 1762 2088 1371 2516 
1761 886 1680 1377 585 504 1231 557 545 253 
685 476 2243 1280 155 2096 1523 2054 1066 1130 
198 173 988 435 1176 1897 2424 609 400 2119 
2038 2055 1974 1067 2489 704 1062 138 1819 605 
460 881 224 530 2037 443 2531 1056 518 1120 
1096 419 1746 2427 1065 1057 1872 791 2019 1055 
247 1155 1468 1549 1471 678 2001 194 1875 1509 
1054 393 129 1302 2153 2050 1469 485 2170 1843 
162 523 1466 1063 650 1307 1435 2152 711 1876 
1061 661 1842 2524 782 1721 1724 1293 1064 2395 
850 1059 1832 643 772 1719 2192 841 1289 1720 
1343 662 1723 800 2527 1172 1893 2502 1623 804 
245 667 796 1679 2510 1551 671 1900 1149 2028 
1286 177 2201 1165 2322 451 1128 1162 795 2254 
1807 230 1813 1156 953 1550 2240 171 2010 2195 
300 1119 2324 1118 457 2529 959 1548 799 2442 
665 1902 786 1123 941 220 1005 1546 133 1129 
1944 2029 522 845 252 1905 188 1507 1511 116 
2060 773 180 415 1132 238 1815 2182 867 1127 
2444 500 2508 1826 645 1494 639 1493 1121 683 
1498 790 1665 1671 788 659 1904 1305 1672 1673 
798 1894 657 1125 1940 2504 480 175 1340 1316 
524 1983 2161 2194 1094 497 2521 1565 1420 432 
513 2453 1479 805 2156 1731 1898 774 1713 2275 
1312 1729 854 1310 1727 635 454 2405 1854 472 
802 135 1300 2143 794 797 140 2144 1676 1309 
967 1620 1317 2187 1304 2316 1895 2198 2315 491 
1311 2496 697 1806 1896 787 1154 1306 2313 2183 
876 1695 1696 1329 1235 2320 641 1693 663 776 
2523 1849 2140 307 1698 2319 1694 122 398 1089 
2032 1338 2245 157 278 1153 1538 997 190 1560 
628 2023 1582 200 857 1572 855 1533 1580 863 
1963 218 1535 1160 1817 228 885 1534 615 1093 
127 1018 1099 2434 1095 990 1537 1456 1151 982 
2356 2042 1087 2435 1088 1092 2157 2342 149 1867 
250 728 1086 608 1294 185 1422 1098 196 853 
131 2139 1320 1480 2255 1482 2256 1483 112 1426 
611 618 309 676 2007 1434 619 2341 489 1150 
2433 1827 648 488 633 2432 848 1964 735 1085 
1090 654 1335 871 1278 191 2350 2016 205 179 
2452 2067 394 1563 1510 527 1446 209 2068 2451 
1562 144 865 889 232 2244 1809 1152 627 1506 
1416 1561 1350 241 2265 1269 2346 2051 195 222 
856 2347 2071 1926 1995 2345 624 970 2344 1802 
870 1930 1919 1274 843 860 1743 2349 1737 862 
1157 840 531 1410 1735 852 285 652 1409 2174 
612 1943 1923 1277 2249 1398 1399 1402 626 1411 
1812 1683 2283 1400 1922 412 621 1407 1208 1801 
2263 868 1687 1800 1804 1593 2267 961 1622 2343 
859 842 966 2340 1816 1267 2352 866 864 1818 
1838 601 456 2528 1033 1976 478 334 1273 1707 
474 607 1635 402 1716 1285 610 1662 1001 1749 
1164 1821 2200 1445 1748 2401 468 677 690 1283 
2488 998 1344 2148 1975 516 2149 502 1567 2526 
2398 972 1710 985 1973 2402 2166 979 1977 526 
1667 1972 1029 977 1702 682 1339 2397 483 1341 
1708 2505 2165 2175 1301 1668 1349 1287 2400 2399 
1427 646 494 1824 1028 439 405 2393 1979 2238 
995 1823 2239 1982 653 1834 2404 1633 1424 637 
981 1978 1299 642 602 1323 1981 1362 2253 1808 
1993 606 1415 1423 974 2396 1417 983 1333 1700 
616 987 989 2355 2394 634 649 1822 2247 2360 
1195 986 655 1820 638 484 629 1810 1413 1030 
433 632 1685 2260 1290 2261 469 1282 2487 1276 
1835 2178 332 1279 2264 651 2179 445 357 660 
404 613 2252 355 1682 1684 623 395 905 1566 
327 1608 2482 330 362 1229 2386 2116 1674 283 
1937 376 2079 2115 1596 943 1594 1230 887 2364 
1006 1938 897 2288 2365 274 2474 338 1571 2410 
2289 2097 904 2494 1744 1441 2078 2533 882 482 
1651 2490 1439 2132 957 2133 368 1227 1757 890 
1962 902 2146 1437 2537 2473 1238 895 1645 1650 
971 1648 888 944 2358 1632 1019 2357 874 1741 
709 894 2363 430 1241 1027 946 1934 1933 2476 
422 1233 2092 2475 2295 256 696 265 879 287 
322 2273 450 1619 2458 442 2530 1430 1611 506 
1755 2105 1699 466 2538 1579 346 2070 261 1321 
1624 672 305 2457 2172 700 269 1568 955 2123 
520 2154 473 1198 486 2382 2173 2271 1428 1637 
521 440 2384 2128 1360 1569 2388 1296 1429 1038 
441 2385 680 313 296 2484 2124 1263 380 1174 
2274 2196 366 1177 1298 2189 477 498 1173 2129 
298 2155 1986 724 421 2197 2391 1734 2455 1166 
1365 1732 875 1178 2456 1733 1171 2138 948 311 
1678 495 1009 1606 1997 378 2137 1659 490 1610 
276 2412 2379 950 2380 517 1607 949 2416 2467 
710 2084 1942 2151 1035 954 717 2083 2101 1992 
302 389 1752 1449 1865 1272 2284 320 2389 1297 
1664 1712 387 1262 1007 1660 1861 1268 1989 2483 
726 2100 1663 1258 2485 2296 729 1966 324 1271 
1970 2298 1971 1968 964 446 280 2297 2418 1261 
1857 1264 258 2110 349 716 1584 2406 2093 900 
289 1206 1440 1585 2532 444 1199 316 263 1634 
965 383 479 1853 1196 2464 2075 2074 2465 272 
360 693 2272 1583 2109 2409 1866 2160 1871 691 
2277 1209 1322 2293 1205 1326 968 464 673 1846 
1863 2294 1844 679 1715 519 1438 952 731 1856 
2383 1874 1753 942 687 1852 1291 698 1686 2407 
707 956 2387 2286 1839 2280 2279 1433 110 501 
1455 2276 1431 1032 2491 1840 1677 963 2493 1026 
406 2159 510 507 2204 427 1754 1008 1675 2150 
475 2499 1024 411 1295 2411 734 1351 1037 2511 
2176 1017 2417 1994 429 732 1011 1020 1987 461 
1363 706 528 2177 1354 2413 1717 2190 2186 1031 
722 1443 2415 1016 2145 2535 699 1458 515 1013 
1010 1022 694 1021 1012 1864 2287 1034 493 1851 
715 1850 1848 1457 2282 2142 512 2141 702 1319 
2290 2291 1328 674 1331 718 2181 413 2501 1691 
1689 878 723 701 254 896 901 499 397 2353 
1742 1941 1939 1324 872 437 2500 1327 2163 2164 
2199 1704 899 509 2185 1701 401 